================================================================================

 - Solution:

 ( 459,  328, 1450, 1117,  692, 1850, 1945,   91,  615,  897, 1223, 1543, 1187,
  1219,  432, 1149,  230,  355,  877,  917,  445, 1113,  945,  716, 1383, 1390,
  1562,  831,  376,  868, 1245, 1039, 1708, 1026,   19, 1079,  691, 1265, 1018,
  1239, 1750, 1599,  872,  288,  949, 1092, 1287, 1501,  901, 1064, 1827, 1563,
  1378, 1915,  627,  537, 1713, 1523,  827,  873,  817,  633,   96, 1958, 1698,
   703, 1803,  743,    7,  728, 1834,  955, 1428,  384,  806,  641, 1106, 1013,
  1392, 1066,  931,  244,  666,  837, 1933,  420, 1730,  892, 1985,  815, 1019,
  1300,  522, 1783, 1592, 1431,  209,   72,  589,  804, 1954, 1003, 1344, 1218,
   290,  215, 1717, 1023,  792, 1203,  909,  874,  372, 1083,   67, 1833,  654,
   891, 1101,  886,  566,  154, 1386, 1030, 1481, 1774,  839, 1831,  635, 1097,
   563, 1365,  910,  513,  664, 1261,  638,  345, 1349,  809,  390, 1103,  919,
  1011,   16,  499, 1781,  139,  787,  596, 1047, 1420, 1303,  412, 1901,  383,
   327, 1762, 1475, 1509,  906,  305,  960,  434,  359, 1478,  348,  354, 1057,
  1304, 1870,  914,  990, 1847,  783, 1124, 1141,  496,  388,  521, 1246,  925,
   620,  488, 1482,  198, 1197, 1248,  313,  487,   11,  972,    1, 1701,  156,
  1363, 1813, 1306, 1469, 1369,   98,  870, 1835, 1231, 1906,  678, 1627, 1270,
   856, 1385, 1145, 1690,  495, 1050,  278,  807, 1583, 1040,  991, 1710,  668,
   231,  284,  344,  120, 1508, 1471,  416, 1867,  494, 1157,  318, 1314, 1455,
  1639, 1396, 1336,  172, 1820,  835,  803,  997, 1902,  550, 1135, 1350, 1158,
   251,  607, 1002, 1555, 1500,  888,  688,  266, 1212, 1914, 1241, 1900, 1763,
  1513, 1598, 1943, 1564,  159, 1977, 1111,  397, 1274, 1960,   76,  332,  466,
  1772,    4, 1100,  631,  303,  720,  476,  907,  212,   22, 1707, 1751,  594,
   208, 1859, 1857, 1807, 1055, 1872, 1464,  570,  900,  826, 1776,  503,  449,
   320,  263, 1063, 1990, 1694,  529,  470,  605,  143, 1668,  282, 1044, 1178,
  1949, 1493, 1621,  996,  203, 1352,   50, 1206,  711,  428,  861, 1321,  193,
  1457,  590,  405,  922,  447, 1913,  310,  614, 1854,  465,  780, 1494,  677,
  1259,  216,  411,  954,   36,  694, 1825,  779,  983, 1000,  889, 1689,  333,
  1896, 1611, 1855,  381,  275, 1749,  904, 1169,  944,  847, 1448,  113,  821,
   885,  933, 1934, 1890, 1534, 1930, 1012,  491, 1367, 1155,  908, 1052,  214,
   670,  441, 1734, 1312, 1356, 1015, 1506,  399,  757, 1646, 1467, 1094, 1243,
  1830,    9,  775,  714, 1724, 1208,  687, 1791,  583, 1466, 1996, 1253, 1076,
  1277, 1699,  723,  624, 1876,  296, 1677, 1620,  564, 1938, 1968, 1861, 1727,
  1320,  554,  325, 1926,  509,  644,   63, 1070, 1497, 1275, 1318,  935, 1086,
  1148,  699,  302,  771, 1586,  236,  796,  269, 1167,   93, 1421,  442,   61,
   131,   33, 1340,  192, 1884, 1017, 1845,  632, 1589,   64,  180,  414,  311,
  1416,  729,  616, 1764,  601,  608,  530, 1561,  277, 1142,  297, 1530,  317,
  1700,  240, 1179,  871,  578,  876, 1840,   62, 1394,  858, 1987,  184,  750,
  1059,  881,  650,  369, 1887, 1978, 1527, 1170,  289,  969, 1495,  322, 1842,
   157,  291, 1556, 1726, 1972,  485, 1479,  961, 1293, 1952, 1389,  671, 1935,
    18, 1671, 1615, 1153,  507,  902,  213,   81, 1285,  777,   42, 1795,  879,
  1549,  118,  573, 1358, 1546,  585,  682,  995, 1576, 1152,  286,  686,  339,
  1309,  443, 1782, 1731,  981, 1491,  337,  913,  965, 1473,  548, 1458, 1296,
  1237, 1009, 1168, 1605,   43,  964,  936,  453, 1879, 1470,  480,  602, 1946,
  1907, 1696, 1104, 1916, 1037,  232,  795,  393, 1558, 1969, 1359,  862, 1970,
   768, 1793, 1099,  623,   13,  767, 1993,  875, 1134, 1838, 1769,  684,  356,
    31, 1354, 1991, 1091, 1337,  828, 1539, 1395, 1324, 1022,  347,  386, 1778,
  1216,  160, 1742,  468,  237,  773,  853, 1140, 1412,  121, 1183,  324,  662,
   101, 1108, 1235,  458, 1329, 1460, 1364,  656,  406, 1591, 1144,  210,  658,
   781, 1963, 1923,  829, 1653,  883, 1027, 1912,  455,  752,  567,  759, 1073,
  1156, 1311, 1204, 1452, 1196, 1244,  527,   15, 1786,  350, 1043,   71,  565,
   145,  128,  312, 1756,  304,  173,   55, 1873,  790,  617,  739, 1936, 1669,
    29,  425,   57, 1332,  918, 1670, 1683, 1374,  152, 1805,  848,  855, 1595,
   334, 1766,  321, 1295, 1351, 1331,  659,   20,   60, 1379, 1641,  903,   32,
  1920,  952, 1909,  774,  127,  822, 1849,  640,  797, 1722, 1163,  475, 1682,
   168,  112, 1941, 1672,  280,  273, 1443,  621, 1894, 1120, 1492, 1574, 1339,
  1207, 1743,  379,  226, 1541, 1779,  222, 1036, 1664,  516,  309,  798, 1585,
   199,  700, 1016, 1182,  474, 1931,  454,  887, 1519, 1372,  257, 1904, 1650,
  1198, 1637,  202,  599,  471, 1409,  812, 1651, 1049,  663,  669, 1804, 1601,
  1728, 1638, 1999, 1121, 1754,  740, 1950,  619,   75, 1308,   37, 1087, 1965,
   187,  546, 1190,  943,  575, 1166,  419, 1647,  770, 1526, 1008, 1130, 1816,
  1540,  115, 1335, 1511,  713,  893,  394,  854,  976,  264,   97,   84, 1921,
  1979,  657, 1688, 1377,  756, 1398,  362, 1956,  630, 1522, 1955,  179, 1711,
   966, 1260, 1323, 1966, 1533, 1430, 1067, 1061,  665,  846,   41, 1147, 1839,
   467, 1660, 1818,  151,  108, 1090, 1744, 1877,  710, 1215, 1729,  508, 1472,
   814,  736, 1579,  167,  429, 1853, 1415,  916,  979,  377,   83, 1765, 1316,
   898,   40, 1371, 1995, 1266, 1102, 1434, 1681,  227, 1864,  636,  122, 1345,
  1718,  748, 1626,  978, 1975, 1740, 1221, 1360,  558, 1110,  676,  366, 1282,
   510,    6,  880,  543,  137, 1286, 1279, 1384,  200,  741, 1983,  176,   35,
  1435, 1459, 1898, 1697,  946,  150,   12,  436,  396,   79, 1623, 1927, 1422,
  1721,  766, 1636, 1184, 1504,  523,  402, 1444, 1676,  446,  643, 1290,  857,
  1705, 1069,  655,  387,   49,  755,  844, 1937, 1737, 1294,  433, 1897, 1310,
   959, 1373, 1944,  294,  223,  105,  219, 1041, 1757,  426, 1753,  183,  712,
  1715,  391,  440,  319, 1298, 1631, 1257, 1548,  618,   25, 1547, 1706, 1612,
  1892,  582,  534, 1186,  950,  371, 1997, 1474,  148,  930,  849,  924, 1205,
   360,  398, 1796,  646, 1463,   77,  170,  734,  973, 1211, 1252,  982,  153,
  1441,  301, 1112,  764, 1939,  998,  460, 1692, 1600, 1024,  307, 1535, 1704,
   532,  581, 1401,  542,  926, 1425,  588,  830,  178, 1608, 1784,  652,  937,
  1947,  746, 1957, 1832, 1514,  363, 1122, 1594, 1502, 1490,   89, 1819,   39,
   190,  763, 1732,  217, 1962,   38, 1759,  484,  352,  512,  610,  841, 1210,
   241,  220, 1085,  867,  587, 1817,  125,  415,  252, 1899, 1476, 1554, 1667,
     8,  865, 1375,   88, 1220, 1829,  947, 1391, 1413,  323, 1536,  538, 1596,
  1327, 1480, 1882,  517,  672, 1005,  224, 1403,   47,  382, 1799,   68,  107,
  1723,  482, 1388,   34, 1038, 1088,  629, 1725,  186, 1317,  500, 1046,  380,
  1691, 1609,  409, 1642, 1755,  634, 1622, 1180,  315,   78,  726,  195,   86,
   444, 1291, 1883,  158,  177,  229, 1809,  769, 1695,  285, 1062,  247,  142,
   569,  598,  343, 1528, 1175,  451, 1488,  490,  452,  721, 1582,  544,  531,
  1192, 1806,  697,  794,  824, 1992, 1405,  308, 1747,  144,  427, 1633,  365,
  1254,  559,  479, 1785, 1932,  818, 1984, 1959, 1580, 1603, 1570, 1654,  675,
   653, 1123,  784, 1202, 1758, 1662,  206,  561, 1553,  358, 1733,  571,  731,
  1988,  181,   56,   69, 1234,  912, 1404, 1498,  603, 1194, 1154, 1238,   58,
  1575, 1800,  890, 1143, 1411, 1746,   46,  207, 1678,  340,  437,  704,  463,
  1529, 1624, 1193, 1129,  201,  431,  493,  175,  256, 1675, 1355,  595,  988,
  1368,  808,  109, 1524,  341,  984, 1862, 1042, 1771,   54, 1770,   87, 1114,
   604, 1666,   17,   52, 1189, 1449, 1414, 1578,  225, 1581,  374, 1663, 1267,
   126, 1262, 1307, 1247, 1702,  497,  504, 1442,  637,  958,  987, 1075, 1510,
   295,  852,  185,  882,  611, 1797, 1656,  725, 1693,  299,  477,  147,  336,
  1280, 1811,  259,  593,  923,  576, 1880,  102, 1632, 1881,  970,  942, 1568,
   249,  242,  836,  843, 1188,  574, 1686,  738,  368,  401, 1346, 1917,  702,
   695, 1940, 1035, 1496,  974,  331, 1334,  140,  957, 1021, 1789, 1865,  895,
  1072,  338, 1229,  859, 1878, 1081,  116, 1618,  751,  141, 1176,   53,   90,
  1029,   70,  353,    3,  520, 1427, 1989, 1447,  135, 1891, 1604, 1228,  413,
  1630,  722, 1313, 1652, 1748, 1980,  204,  533,  525,   44, 1487, 1893, 1250,
    80, 1531,  800, 1679,  560,  161, 1846, 1674,  626, 1439,   23,  261,  464,
   422,  866,  905, 1918,  985,  552, 1001, 1866, 1703,  351,  408,  928,  776,
    51, 1150,  450, 1948, 1889, 1249, 1856, 1644,  255, 1326, 1376,   45, 1661,
  1084, 1230, 1982, 1736, 1928,  823, 1823,  100,  953, 1328, 1305, 1886, 1848,
   625,  762, 1908,  745,  580, 1325,  667, 1643,  461, 1484,  250, 1380, 1794,
  1714,  174, 1593, 1720, 1588, 1802, 1768,  609,  524,  850, 2000, 1357,   99,
   268, 1559, 1174,    5,  501,  724,  182, 1322, 1801,  591,  962,  956,  696,
    59, 1172,  189,  233, 1301, 1964, 1417, 1951,  205,  165,  514, 1629, 1851,
  1418,  196,  424,  462,  117,   82, 1810, 1315, 1283, 1438, 1128, 1199, 1537,
  1217,  526, 1868, 1105, 1273, 1841,  785, 1998, 1798, 1542, 1177,  572, 1161,
   761,  717,    2,  246,  281, 1640,  986,  732, 1361,  674, 1200, 1773, 1269,
  1836, 1165,  819, 1719, 1242, 1685,  361,   10,   24, 1885, 1503,  300, 1538,
  1054,  940,  367, 1863,  706, 1437,  747,  314,  298, 1226, 1034,  228, 1468,
  1240, 1489, 1004, 1518,  941,  690,  647,  592,  579,  577,  478, 1976,  403,
  1617,  492,  103, 1716, 1828, 1658, 1843,  114, 1347, 1048, 1745, 1125, 1606,
  1387,  410, 1382,  132, 1191, 1440,  920, 1133,  329,  163, 1645,  545,  628,
  1151, 1330, 1348,  326,  894, 1454,  166, 1397,  932,  481,  860,  162, 1456,
  1659,  385,  993,  188,  789, 1426, 1680,  927, 1507, 1319, 1095, 1860,  164,
  1446, 1292, 1408,  539,  878,  528, 1164, 1429,  730, 1613,  505,  735,  825,
    28, 1107, 1814, 1822,  389,  404,  110, 1053,  788, 1407, 1159, 1929,  622,
  1602,  262,  701,  218,  899, 1752,  342,  392, 1278,  813,  547,  155, 1910,
   742, 1792,  130,  270, 1423,  486, 1974,  801,  651, 1227, 1545,  378, 1381,
  1025,  980,  557,   21, 1515,  283,  239,  370, 1419, 1572,  456,  869,  613,
   435,  679,  373,  584,   73,  191,  553,   30,  502, 1060,  124, 1924,  134,
   287, 1342,  884,  810, 1550,  689, 1424,  929,  707, 1032,  939,  778,  541,
   645,  737, 1138, 1288,  967,  718, 1119, 1499, 1077,  438, 1014, 1994, 1485,
    66,  511,  104,  820,  816, 1973, 1616,   92,  600,  119, 1338, 1432, 1986,
   357,  253, 1812,  146,  430, 1971, 1684,  221, 1911,  267,  260, 1826, 1209,
   977,  506, 1131, 1673,  802,  845,  498,  489, 1080,  473, 1573,  197, 1567,
  1400, 1557,  793, 1393,  708, 1837,  749,  349, 1402,  989, 1132, 1967, 1343,
  1648,  758,  680, 1566,  681, 1201,  335,  975, 1271, 1981,  833,  234,  834,
   515, 1171, 1093, 1875,   14,  423,  276,  417,  395, 1089,  705, 1486, 1462,
  1126, 1139, 1195, 1185,  519,  133, 1058,  235, 1451, 1844,  948, 1655,  685,
  1074, 1824,  693,  551, 1532, 1281,  540, 1268, 1096, 1276, 1625,  999, 1255,
    26,  106, 1056, 1761, 1739,  911,  805, 1922, 1552,  400, 1815, 1871,   65,
   211, 1657,  448, 1233,  306, 1289,  129, 1869,  258,  271, 1251,  864,  760,
   248, 1007, 1821, 1160,   94, 1071,  951,  719, 1852,  238, 1433,  765, 1284,
   407, 1410,  136, 1136, 1560, 1068,  123, 1919, 1116,  364,  330, 1302,  472,
  1263,  279, 1445,  274,  612,  683, 1483,  786,  727,  606, 1236, 1109,  673,
   535,  194,  568,  994, 1353, 1571,   85, 1565, 1370, 1264, 1942,  963, 1362,
  1006,  254,  971,  272, 1115, 1777,  782,  483,  938,  421, 1775,  744,  851,
  1213, 1787, 1033, 1903,  549,  346,  811, 1628, 1162,  439, 1687, 1272, 1010,
  1082, 1584, 1767,  292, 1961, 1256, 1925, 1577,  457, 1634, 1512, 1735, 1020,
   642, 1790, 1597,  375,  469, 1874,  791,  245, 1520,  915,  562,  169,  715,
  1031, 1905, 1224,  772, 1551, 1808, 1028, 1045, 1406,  639,  518, 1173,  138,
  1619,  709,  556, 1232,  799,  754, 1610,  896, 1225,   74,  842,  863,  586,
   555, 1146, 1525,  698, 1517, 1118, 1607, 1741,  968, 1366,  921,  536, 1590,
  1297,  418,  733, 1222,  597, 1953,  648, 1299, 1436,  840, 1569,  171, 1665,
  1635,   48, 1712, 1051, 1738,  934, 1098, 1895,  293,  992, 1788, 1587, 1544,
   838, 1858,  265, 1214, 1888,  111, 1465, 1709, 1453,  316,  149, 1078, 1521,
  1341, 1649, 1614, 1516,  832, 1137, 1127, 1505,  243, 1461, 1065,  753,   95,
    27, 1333, 1477,  649, 1760, 1399, 1258, 1181,  661, 1780,  660)

================================================================================

